(1639172462.8228455, 256)
time: 1639172658.142134 -> result: 25
time: 1639172658.143134 -> result: 256
time: 1639172658.145135 -> result: 243
